Column liked added:
        user_id  movie_id  rating  rating_timestamp  liked
0             1    114508       8        1381006850      1
1             2    499549       9        1376753198      1
2             2   1305591       8        1376742507      1
3             2   1428538       1        1371307089      0
4             3     75314       1        1595468524      0
...         ...       ...     ...               ...    ...
921393    71705   9893250      10        1613857551      1
921394    71705   9898858       3        1585958452      0
921395    71706    172495      10        1587107015      1
921396    71706    414387      10        1587107852      1
921397    71707   1623205       6        1362832655      0

[921398 rows x 5 columns]